Массив для неориентированного графа:
        1      2      3
---------------------------
1|      0     19     98
2|     19      0     80
3|     98     80      0


Реализация алгоритма Флойда:
        1      2      3
---------------------------
1|      0     19     98
2|     19      0     80
3|     98     80      0





Массив для неориентированного графа:
        1      2      3
---------------------------
1|      0     66     70
2|     66      0     40
3|     70     40      0


Реализация алгоритма Флойда:
        1      2      3
---------------------------
1|      0     66     70
2|     66      0     40
3|     70     40      0





Массив для ориентированного графа:
        1      2      3      4
----------------------------------
1|      0     96     92     72
2|      7      0     30     72
3|      7      -      0     86
4|      -     82     24      0


Реализация алгоритма Флойда:
        1      2      3      4
----------------------------------
1|      0     96     92     72
2|      7      0     30     72
3|      7    101      0     79
4|     31     82     24      0





Массив для неориентированного графа:
        1      2      3      4
----------------------------------
1|      0     11     31     76
2|     11      0     65     39
3|     31     65      0     52
4|     76     39     52      0


Реализация алгоритма Флойда:
        1      2      3      4
----------------------------------
1|      0     11     31     50
2|     11      0     42     39
3|     31     42      0     52
4|     50     39     52      0





Массив для ориентированного графа:
        1      2      3
---------------------------
1|      0     50     10
2|     87      0      9
3|      -     61      0


Реализация алгоритма Флойда:
        1      2      3
---------------------------
1|      0     50     10
2|     87      0      9
3|    105     61      0





Массив для ориентированного графа:
        1      2      3      4      5      6      7
-------------------------------------------------------
1|      0     69      6     41     45      8      -
2|     71      0      -     69      -      9     42
3|     81     97      0     58     84     65     97
4|     79     40     70      0     27     43     86
5|      2      8     44     95      0      -     14
6|     88     64     11      1     53      0     95
7|     18     67     36     68     18     70      0


Реализация алгоритма Флойда:
        1      2      3      4      5      6      7
-------------------------------------------------------
1|      0     44      6      9     36      8     50
2|     39      0     20     10     37      9     42
3|     81     92      0     58     84     65     97
4|     29     35     35      0     27     37     41
5|      2      8      8     11      0     10     14
6|     30     36     11      1     28      0     42
7|     18     26     24     27     18     26      0





Массив для ориентированного графа:
        1      2      3
---------------------------
1|      0      -      3
2|      4      0      7
3|     23      -      0


Реализация алгоритма Флойда:
        1      2      3
---------------------------
1|      0    100      3
2|      4      0      7
3|     23    100      0





Массив для ориентированного графа:
        1      2      3
---------------------------
1|      0      -      -
2|      -      0      -
3|      -      -      0


Реализация алгоритма Флойда:
        1      2      3
---------------------------
1|      0    100    100
2|    100      0    100
3|    100    100      0





Массив для ориентированного графа:
        1      2
--------------------
1|      0      -
2|      -      0


Реализация алгоритма Флойда:
        1      2
--------------------
1|      0      -
2|      -      0





Массив для неориентированного графа:
        1      2      3
---------------------------
1|      0      -      -
2|      -      0      -
3|      -      -      0


Реализация алгоритма Флойда:
        1      2      3
---------------------------
1|      0      -      -
2|      -      0      -
3|      -      -      0





Массив для ориентированного графа:
        1      2      3
---------------------------
1|      0      2      -
2|     45      0      5
3|      7      6      0


Реализация алгоритма Флойда:
        1      2      3
---------------------------
1|      0      2      7
2|     12      0      5
3|      7      6      0





Массив для неориентированного графа:
        1      2
--------------------
1|      0      -
2|      -      0


Реализация алгоритма Флойда:
        1      2
--------------------
1|      0      -
2|      -      0





Массив для ориентированного графа:
        1      2      3
---------------------------
1|      0      -      -
2|      -      0      -
3|      -      -      0


Реализация алгоритма Флойда:
        1      2      3
---------------------------
1|      0      -      -
2|      -      0      -
3|      -      -      0





Массив для неориентированного графа:
        1      2      3      4      5      6      7      8      9     10     11     12     13     14     15     16     17     18     19     20
--------------------------------------------------------------------------------------------------------------------------------------------------
1|      0     19     97     61     62     70     97     27     85      8     31     98     11     50     25     14     24      1     22     21
2|     19      0     33     38      8     14     26      8     53     17     39     54     52     36     32     49     63     43     32     86
3|     97     33      0     83     67      8      0     71     31     47     92     40     36     41     48     77     55     14      1     82
4|     61     38     83      0     57     12     64     30     75     24     40      5     41     33     90     99     51     41     57     75
5|     62      8     67     57      0     86     40     59     31     76     66     40     28      0     85     85     73     64     75     95
6|     70     14      8     12     86      0     71     43     56     69     99     25     35     99      7     61     29     45     13     54
7|     97     26      0     64     40     71      0     39     32     50      5     78     83     75     62     84     80     58     93     84
8|     27      8     71     30     59     43     39      0     92     62     51     20      4     90     57      6     10     83     48     25
9|     85     53     31     75     31     56     32     92      0     35     41     26     45     70     65     32     54     89     28     68
10|      8     17     47     24     76     69     50     62     35      0     49     19     90     20     23     30     63     96     90     97
11|     31     39     92     40     66     99      5     51     41     49      0     50     33     30      8     57     70     64     90     32
12|     98     54     40      5     40     25     78     20     26     19     50      0     64     25     80     33     28     32     69      2
13|     11     52     36     41     28     35     83      4     45     90     33     64      0     67     84     78     57     42     41     94
14|     50     36     41     33      0     99     75     90     70     20     30     25     67      0     49     27     53     72     90     12
15|     25     32     48     90     85      7     62     57     65     23      8     80     84     49      0     88     80     55     97     63
16|     14     49     77     99     85     61     84      6     32     30     57     33     78     27     88      0     19     58     47     36
17|     24     63     55     51     73     29     80     10     54     63     70     28     57     53     80     19      0     31     76      0
18|      1     43     14     41     64     45     58     83     89     96     64     32     42     72     55     58     31      0     75      2
19|     22     32      1     57     75     13     93     48     28     90     90     69     41     90     97     47     76     75      0     73
20|     21     86     82     75     95     54     84     25     68     97     32      2     94     12     63     36      0      2     73      0


Реализация алгоритма Флойда:
        1      2      3      4      5      6      7      8      9     10     11     12     13     14     15     16     17     18     19     20
--------------------------------------------------------------------------------------------------------------------------------------------------
1|      0     19     15     10     15     22     15     13     31      8     20      5     11     15     25     14      3      1     16      3
2|     19      0     22     25      8     14     22      8     39     17     27     20     12      8     21     14     18     20     23     18
3|     15     22      0     20     28      8      0     26     29     23      5     18     26     28     13     29     16     14      1     16
4|     10     25     20      0     19     12     20     17     31     18     25      5     21     19     19     23      7      9     21      7
5|     15      8     28     19      0     22     28     16     31     20     30     14     20      0     29     22     12     14     29     12
6|     22     14      8     12     22      0      8     22     37     30     13     17     26     22      7     28     19     21      9     19
7|     15     22      0     20     28      8      0     26     29     23      5     18     26     28     13     29     16     14      1     16
8|     13      8     26     17     16     22     26      0     38     21     31     12      4     16     29      6     10     12     27     10
9|     31     39     29     31     31     37     29     38      0     35     34     26     42     31     42     32     28     30     28     28
10|      8     17     23     18     20     30     23     21     35      0     28     13     19     20     23     22     11      9     24     11
11|     20     27      5     25     30     13      5     31     34     28      0     23     31     30      8     34     21     19      6     21
12|      5     20     18      5     14     17     18     12     26     13     23      0     16     14     24     18      2      4     19      2
13|     11     12     26     21     20     26     26      4     42     19     31     16      0     20     33     10     14     12     27     14
14|     15      8     28     19      0     22     28     16     31     20     30     14     20      0     29     22     12     14     29     12
15|     25     21     13     19     29      7     13     29     42     23      8     24     33     29      0     35     26     26     14     26
16|     14     14     29     23     22     28     29      6     32     22     34     18     10     22     35      0     16     15     30     16
17|      3     18     16      7     12     19     16     10     28     11     21      2     14     12     26     16      0      2     17      0
18|      1     20     14      9     14     21     14     12     30      9     19      4     12     14     26     15      2      0     15      2
19|     16     23      1     21     29      9      1     27     28     24      6     19     27     29     14     30     17     15      0     17
20|      3     18     16      7     12     19     16     10     28     11     21      2     14     12     26     16      0      2     17      0





Массив для ориентированного графа:
        1      2      3      4      5      6      7      8      9     10     11     12     13     14     15     16     17     18     19     20
--------------------------------------------------------------------------------------------------------------------------------------------------
1|      0     55      -      -      4     36     17     31     90     84     66     45     40     15      -     70     48     10      -     24
2|      4      0     98     55     54     96     52      8     16     14     90     32     76     89     57     84     29     36     41     90
3|     19     75      0      -     98      3     58     19     86      1     45      -     76     27     96     49      -     55     24     95
4|     95      -     65      0      -     66     93      2     96      -     91     38     13      -     36      -     28     35     47      -
5|      0     96     58     28      0     66     53      -     18     84     58     58     12     38     35     26      -     86      -     25
6|     81     21     89     29      -      0     32     23     27     45     60     44     34     37     22     55     99      -     89     64
7|     33     92     49      -     86     92      0     96      -      -      4     23      -      -      -      8     89     52     35     81
8|     10      -     14      -     70     75     62      0     52      -     28      -     74     30     93     29     57      -      -     64
9|      -     57     79     83     77      -     52     89      0     81     95      -      -     34      -     72     39     35     48      3
10|     61     84     46     52     94     37     15     42     93      0      -     67      -     40      -     26     32     42     80     89
11|     51     19     79      -     22     45     33     68     38      -      0     26     43      8     96      4     38     27     85     33
12|     51      -     76      -     34     51      4     79     88     20     43      0     96     90     20     66     75      0     82     86
13|      -     42     10     57      1     15     52      1     77     11     25     87      0     95     88     51     50      2     33     36
14|     20     81     91      -     85      -      -     25     56     62      2     90     19      0     92     20     67     74     64     19
15|     47     14      -      -     15     58      -     49     72     15     78     24      -      0      0     23     91      -     48     94
16|     42     82      3     13      3     78     43     32     49     89     60     31     23     47     49      0     25     62     20     88
17|      9     12     13      -     52     30     91     97      8     55     53      -     92     24      -     21      0     99      -     55
18|      -     34     10     13     13     45      -     78     41     53      5      8     79     69     34     75     22      0     45     12
19|     16     45      -     63     74     82      -      0      -     76     95      0     36     35     92     71     38     30      0     91
20|      2     27     93     41     24      -     49     42     74     81     88     40      1     55     54     87     84     74      -      0


Реализация алгоритма Флойда:
        1      2      3      4      5      6      7      8      9     10     11     12     13     14     15     16     17     18     19     20
--------------------------------------------------------------------------------------------------------------------------------------------------
1|      0     34     20     23      4     23     17     17     22     21     15     18     16     15     38     19     32     10     39     22
2|      4      0     22     27      8     25     21      8     16     14     19     22     20     19     42     23     29     14     41     19
3|     19     24      0     32     23      3     16     19     30      1     20     24     34     25     25     24     33     24     24     33
4|     12     39     16      0     14     19     27      2     32     17     20     23     13     27     36     24     28     15     40     27
5|      0     34     20     23      0     23     17     13     18     21     15     18     12     15     35     19     32     10     39     21
6|     25     21     31     29     29      0     32     23     27     32     24     41     31     22     22     28     50     33     48     30
7|     11     23     11     21     11     14      0     23     29     12      4     23     23     12     36      8     33     21     28     31
8|     10     38     14     33     14     17     27      0     32     15     25     28     26     25     39     29     42     20     38     32
9|      5     30     14     19      5     17     18      5      0     15     11     14      4     19     34     15     28      6     35      3
10|     26     38     26     36     26     29     15     38     40      0     19     38     38     27     51     23     32     36     43     43
11|      7     19      7     17      7     10     23     19     25      8      0     24     19      8     32      4     29     17     24     27
12|     12     24     10     13     12     13      4     14     30     11      5      0     13     13     20      9     22      0     29     12
13|      1     26     10     15      1     13     14      1     19     11      7     10      0     15     30     11     24      2     31     14
14|      9     21      9     19      9     12     25     20     27     10      2     26     19      0     34      6     31     19     26     19
15|      9     14      9     19      9     12     25     20     27     10      2     24     19      0      0      6     31     19     26     19
16|      3     27      3     13      3      6     19     15     21      4     18     20     15     18     28      0     25     13     20     24
17|      9     12     13     27     13     16     26     13      8     14     19     22     12     24     38     21      0     14     37     11
18|     12     24     10     13     12     13     12     14     30     11      5      8     13     13     28      9     22      0     29     12
19|     10     24     10     13     12     13      4      0     30     11      5      0     13     13     20      9     22      0      0     12
20|      2     27     11     16      2     14     15      2     20     12      8     11      1     16     31     12     25      3     32      0





Массив для неориентированного графа:
        1      2
--------------------
1|      0     82
2|     82      0


Реализация алгоритма Флойда:
        1      2
--------------------
1|      0     82
2|     82      0





Массив для неориентированного графа:
        1      2      3
---------------------------
1|      0      2      2
2|      2      0     22
3|      2     22      0


Реализация алгоритма Флойда:
        1      2      3
---------------------------
1|      0      2      2
2|      2      0      4
3|      2      4      0





Массив для ориентированного графа:
        1      2      3
---------------------------
1|      0      -    100
2|     20      0     13
3|      2      1      0


Реализация алгоритма Флойда:
        1      2      3
---------------------------
1|      0    101    100
2|     15      0     13
3|      2      1      0





Массив для неориентированного графа:
        1      2      3
---------------------------
1|      0      2      2
2|      2      0     22
3|      2     22      0


Реализация алгоритма Флойда:
        1      2      3
---------------------------
1|      0      2      2
2|      2      0      4
3|      2      4      0





Массив для ориентированного графа:
        1      2      3      4
----------------------------------
1|      0      2      3      2
2|      2      0      2      -
3|      0     98      0      9
4|      8      8      5      0


Реализация алгоритма Флойда:
        1      2      3      4
----------------------------------
1|      0      2      3      2
2|      2      0      2      4
3|      0      2      0      2
4|      5      7      5      0





Массив для ориентированного графа:
        1      2      3
---------------------------
1|      0      2      4
2|      -      0      2
3|     34     12      0


Реализация алгоритма Флойда:
        1      2      3
---------------------------
1|      0      2      4
2|     36      0      2
3|     34     12      0





Массив для ориентированного графа:
        1      2      3
---------------------------
1|      0      -      9
2|     79      0     38
3|      9     29      0


Реализация алгоритма Флойда:
        1      2      3
---------------------------
1|      0     38      9
2|     47      0     38
3|      9     29      0





Массив для неориентированного графа:
        1      2      3      4
----------------------------------
1|      0-858993460-858993460-858993460
2|-858993460      0-858993460-858993460
3|-858993460-858993460      0-858993460
4|-858993460-858993460-858993460      0


Реализация алгоритма Флойда:
        1      2      3      4
----------------------------------
1|-1717986920-858993460-858993460-858993460
2|-858993460-1717986920-1717986920-1717986920
3|-858993460-1717986920-1717986920-1717986920
4|-858993460-1717986920-1717986920-1717986920





Массив для неориентированного графа:
        1      2      3      4
----------------------------------
1|      0     57     83     64
2|     57      0     43     26
3|     83     43      0     64
4|     64     26     64      0


Реализация алгоритма Флойда:
        1      2      3      4
----------------------------------
1|      0     57     83     64
2|     57      0     43     26
3|     83     43      0     64
4|     64     26     64      0





Массив для неориентированного графа:
        1      2      3      4
----------------------------------
1|      0     17      -     48
2|     17      0     77      2
3|      -     77      0      -
4|     48      2      -      0


Реализация алгоритма Флойда:
        1      2      3      4
----------------------------------
1|      0     17     94     19
2|     17      0     77      2
3|     94     77      0     79
4|     19      2     79      0





Массив для неориентированного графа:
        1      2      3
---------------------------
1|      0      3      -
2|      3      0     23
3|      -     23      0


Реализация алгоритма Флойда:
        1      2      3
---------------------------
1|      0      3     26
2|      3      0     23
3|     26     23      0





Массив для ориентированного графа:
        1      2
--------------------
1|      0     23
2|     31      0


Реализация алгоритма Флойда:
        1      2
--------------------
1|      0     23
2|     31      0





Массив для ориентированного графа:
        1      2      3
---------------------------
1|      0     34      -
2|      3      0     54
3|      1     17      0


Реализация алгоритма Флойда:
        1      2      3
---------------------------
1|      0     34     88
2|      3      0     54
3|      1     17      0





Массив для неориентированного графа:
        1      2      3      4
----------------------------------
1|      0     15      -     74
2|     15      0      -      -
3|      -      -      0     38
4|     74      -     38      0


Реализация алгоритма Флойда:
        1      2      3      4
----------------------------------
1|      0     15    112     74
2|     15      0    127     89
3|    112    127      0     38
4|     74     89     38      0





Массив для ориентированного графа:
        1      2      3      4      5
-----------------------------------------
1|      0     79     79     14      -
2|      8      0     39      -     92
3|      -      1      0      -      -
4|     36     19     53      0      -
5|     11     17     51     86      0


Реализация алгоритма Флойда:
        1      2      3      4      5
-----------------------------------------
1|      0     33     67     14    125
2|      8      0     39     22     92
3|      9      1      0     23     93
4|     27     19     53      0    111
5|     11     17     51     25      0





Массив для неориентированного графа:
        1      2
--------------------
1|      0      -
2|      -      0


Реализация алгоритма Флойда:
        1      2
--------------------
1|     -2     -3
2|     -3     -4





Массив для ориентированного графа:
        1      2      3
---------------------------
1|      0      -     90
2|      5      0      2
3|     34     54      0


Реализация алгоритма Флойда:
        1      2      3
---------------------------
1|      0    144     90
2|      5      0      2
3|     34     54      0





Массив для неориентированного графа:
        1      2
--------------------
1|      0      0
2|      0      0


Реализация алгоритма Флойда:
        1      2
--------------------
1|      0      0
2|      0      0





Массив для неориентированного графа:
        1      2
--------------------
1|      0      3
2|      3      0


Реализация алгоритма Флойда:
        1      2
--------------------
1|      0      3
2|      3      0





Массив для неориентированного графа:
        1      2      3
---------------------------
1|      0      2      2
2|      2      0      1
3|      2      1      0


Реализация алгоритма Флойда:
        1      2      3
---------------------------
1|      0      2      2
2|      2      0      1
3|      2      1      0





Массив для неориентированного графа:
        1      2      3
---------------------------
1|      0      1      2
2|      1      0      3
3|      2      3      0


Реализация алгоритма Флойда:
        1      2      3
---------------------------
1|      0      1      2
2|      1      0      3
3|      2      3      0





Массив для неориентированного графа:
        1      2
--------------------
1|      0      2
2|      2      0


Реализация алгоритма Флойда:
        1      2
--------------------
1|      0      2
2|      2      0





Массив для ориентированного графа:
        1      2
--------------------
1|      0     32
2|      2      0


Реализация алгоритма Флойда:
        1      2
--------------------
1|      0     32
2|      2      0





Массив для ориентированного графа:
        1      2      3      4      5      6      7      8      9     10     11     12     13     14     15     16     17     18     19     20     21     22     23
-----------------------------------------------------------------------------------------------------------------------------------------------------------------------
1|      0     46     12     92     97      1     62      -     85     73     20     36     46      -     55     51     10     80      -      -     58     74     62
2|      -      0     60     53      -     79     86      -     84      -     92      4     57     33     27      4     77     87      7     21     79      1     82
3|     84     57      0      8     38     29     84     65     13     18     61     31      -     85     70      -     60     27     32     11     10     73     87
4|      -     25      -      0     70     81     53     10     21      -     20     38     88     48     49     37     34      3      -      -     10     59     82
5|     26     37     31     19      0     35     12     99     35     46     23     40     66     23     57      -     16     50     62     45      4     63     35
6|     35     34      1     61     94      0      -     44     45      -      -     29     18     66     93     31      -     59     71     35     64     82     48
7|      -     87     23     96      -     19      0     68      1      7     43     73     27      -      -      -     92     77     87     36     68     94     88
8|     39      1     53     13     97     30     87      0     82      8     89     92     39     27      5     60      -     57     93     77     94     90     74
9|     35      -     68     95     23      7     81     10      0     20      4      -     22      5     25     79     79     74     21     58     38      -     49
10|     17     94      8     94     76     30     10     71     38      0      -     90      -     46      -     58     62     26     89     47     48     39     29
11|     56     71     28     52     54      -     63     31     99      -      0     48      5     94     68     85     53     21     59      5      -     68     72
12|      -     74      -      -     64     25      -     83     58      -      -      0     44      8     43     16      8     81     68     14     69     80      -
13|     52     14      -     90      -     28     16     16     57     85     76     36      0      1      6     51     34      -      5      -     33      -     98
14|      -     37     27     48     15     92     13     30      -     88     21      -      9      0     36      -     41      5      -     90     89     55     93
15|     38     79     12     91     83     15     47     61     89      -      -     42      -      -      0     97     16     56     73     58      5      -     83
16|     37      -     31     50     45     28     31     49     50     86     27     47     97     85     53      0      -     96     20     94     95     53     82
17|     62     27     72     72     73     31     93     46      3     95      6     99      -      -     33     44      0     39      -     22     31     56     85
18|     44     48     92      -     28     60     78     22      -     84     47     14     10     76     29     71     89      0     77     40     86     94     47
19|     89      2      -      -     99      -     17     40     78      9     83     12     97     88     49     54     89      -      0     52      2      8      -
20|     64     68      -      2     46     88     30     64     75     33     99     16     89     41     26     42     60     49     37      0      -      -     57
21|     36     95      1     58     62     68     10     26     96     33     10     16     53      -     20     88     87     78     55     97      0     21     35
22|     86     53     45     80     48     97     12     20     97     14     36     78     34      -     77      -     48     21     32     48     81      0      -
23|     39     30     84      -     25      -     16     15      -     66      -     25      -     83     75     34      -     44      -      -     82     51      0


Реализация алгоритма Флойда:
        1      2      3      4      5      6      7      8      9     10     11     12     13     14     15     16     17     18     19     20     21     22     23
-----------------------------------------------------------------------------------------------------------------------------------------------------------------------
1|      0     21      2     10     33      1     22     20     13     20     16     25     19     18     25     25     10     13     24     13     12     22     47
2|     32      0     10     18     27     21     13     21     14     15     18      4     21     12     26      4     12     17      7     18      9      1     44
3|     35     19      0      8     33     20     20     18     13     18     17     23     21     18     23     23     31     11     26     11     10     20     45
4|     35     11     11      0     29     28     20     10     21     18     20     15     13     14     15     15     23      3     18     22     10     12     45
5|     26     24      5     13      0     20     12     23     13     19     14     20     19     18     24     28     16     16     24     16      4     25     35
6|     35     20      1      9     34      0     21     19     14     19     18     24     18     19     24     24     32     12     23     12     11     21     46
7|     24     12      9     12     21      8      0     11      1      7      5     16     10      6     16     16     24     11     15     10     17     13     36
8|     25      1     11     13     28     20     14      0     15      8     19      5     22     13      5      5     13     16      8     19     10      2     37
9|     35     11      8     11     20      7     18     10      0     18      4     15      9      5     15     15     23     10     14      9     16     12     47
10|     17     22      8     16     31     18     10     21     11      0     15     26     20     16     26     26     27     19     25     19     18     23     29
11|     36     12     13      7     21     26     19     17     20     19      0     16      5      6     11     16     24     10     10      5     12     13     47
12|     45     22     19     16     23     18     21     21     11     28     14      0     17      8     23     16      8     13     22     14     24     23     57
13|     31      7      8     16     16     21     14     16     15     14     17     11      0      1      6     11     19      6      5     19      7      8     42
14|     37     16     17     25     15     21     13     24     14     20     18     19      9      0     15     20     27      5     14     23     16     17     49
15|     38     25      6     14     36     15     15     24     16     22     15     21     20     21      0     29     16     17     25     17      5     26     40
16|     37     22     23     31     45     28     31     41     32     29     27     26     32     33     38      0     34     34     20     32     22     23     57
17|     38     14     11     13     23     10     21     13      3     21      6     18     11      8     17     18      0     13     16     11     18     15     50
18|     41     17     18     26     26     31     24     22     25     24     27     14     10     11     16     21     22      0     15     28     17     18     47
19|     26      2      3     11     29     20     12     21     13      9     12      6     17     14     22      6     14     14      0     14      2      3     37
20|     37     13     13      2     31     30     22     12     23     20     22     16     15     16     17     17     24      5     20      0     12     14     47
21|     34     20      1      9     31     18     10     19     11     17     10     16     15     16     20     24     24     12     20     12      0     21     35
22|     31     21     21     24     33     20     12     20     13     14     17     25     22     18     25     25     33     21     27     22     29      0     43
23|     39     16     25     28     25     24     16     15     17     23     21     20     26     22     20     20     28     27     23     26     25     17      0





Массив для неориентированного графа:
        1      2      3
---------------------------
1|      0      3      1
2|      3      0     23
3|      1     23      0


Реализация алгоритма Флойда:
        1      2      3
---------------------------
1|      0      3      1
2|      3      0      4
3|      1      4      0





Массив для неориентированного графа:
        1      2      3
---------------------------
1|      0      2      3
2|      2      0      4
3|      3      4      0


Реализация алгоритма Флойда:
        1      2      3
---------------------------
1|      0      2      3
2|      2      0      4
3|      3      4      0





Массив для неориентированного графа:
        1      2      3
---------------------------
1|      0      1      2
2|      1      0      3
3|      2      3      0


Реализация алгоритма Флойда:
        1      2      3
---------------------------
1|      0      1      2
2|      1      0      3
3|      2      3      0





Массив для неориентированного графа:
        1      2      3
---------------------------
1|      0     34      2
2|     34      0     12
3|      2     12      0


Реализация алгоритма Флойда:
        1      2      3
---------------------------
1|      0     14      2
2|     14      0     12
3|      2     12      0





Массив для ориентированного графа:
        1      2      3      4
----------------------------------
1|      0      2      5     67
2|     34      0      3      2
3|      8      1      0     34
4|      2      1      1      0


Реализация алгоритма Флойда:
        1      2      3      4
----------------------------------
1|      0      2      5      4
2|      4      0      3      2
3|      5      1      0      3
4|      2      1      1      0





Массив для ориентированного графа:
        1      2      3
---------------------------
1|      0      2      5
2|     67      0     32
3|    123    842      0


Реализация алгоритма Флойда:
        1      2      3
---------------------------
1|      0      2      5
2|     67      0     32
3|    123    125      0





Массив для неориентированного графа:
        1      2      3
---------------------------
1|      0      1      2
2|      1      0      6
3|      2      6      0


Реализация алгоритма Флойда:
        1      2      3
---------------------------
1|      0      1      2
2|      1      0      3
3|      2      3      0





Массив для неориентированного графа:
        1      2      3      4
----------------------------------
1|      0     34      -      4
2|     34      0     17      -
3|      -     17      0      1
4|      4      -      1      0


Реализация алгоритма Флойда:
        1      2      3      4
----------------------------------
1|      0     22      5      4
2|     22      0     17     18
3|      5     17      0      1
4|      4     18      1      0





Массив для неориентированного графа:
        1      2      3
---------------------------
1|      0      -      1
2|      -      0      3
3|      1      3      0


Реализация алгоритма Флойда:
        1      2      3
---------------------------
1|      0      4      1
2|      4      0      3
3|      1      3      0





Массив для ориентированного графа:
        1      2      3      4      5      6      7      8
--------------------------------------------------------------
1|      0      8      -     41      -     20     40     75
2|     67      0     35      -     68     91     22      -
3|     37      -      0     80      9     43      -     44
4|     23     67     58      0     96      7     33     40
5|     89      7     73     98      0     58     30     93
6|     31     79     82     49     10      0      -     29
7|     51     14     66      -     62     98      0     62
8|     58     73      8      -     77      -     97      0


Реализация алгоритма Флойда:
        1      2      3      4      5      6      7      8
--------------------------------------------------------------
1|      0      8     43     41     30     20     30     49
2|     67      0     35    108     44     78     22     79
3|     37     16      0     78      9     43     38     44
4|     23     24     44      0     17      7     33     36
5|     74      7     42     98      0     58     29     86
6|     31     17     37     49     10      0     39     29
7|     51     14     49     92     58     71      0     62
8|     45     24      8     86     17     51     46      0





Массив для ориентированного графа:
        1      2      3      4      5
-----------------------------------------
1|      0      -      7      -     65
2|      -      0     33     47      -
3|     94     23      0     90     88
4|     95     13      1      0     96
5|     24     87     55     75      0


Реализация алгоритма Флойда:
        1      2      3      4      5
-----------------------------------------
1|      0     30      7     77     65
2|    127      0     33     47    121
3|     94     23      0     70     88
4|     95     13      1      0     89
5|     24     54     31     75      0



Массив для неориентированного графа:
        1      2      3      4
----------------------------------
1|      0     17     71      6
2|     17      0     60     74
3|     71     60      0     65
4|      6     74     65      0


Реализация алгоритма Флойда:
        1      2      3      4
----------------------------------
1|      0     17     71      6
2|     17      0     60     23
3|     71     60      0     65
4|      6     23     65      0





Массив для ориентированного графа:
        1      2      3      4      5
-----------------------------------------
1|      0     63     68     93     78
2|     96      0     92     13     78
3|      -     72      0      2     81
4|     15     81     26      0      -
5|     48     66      3     73      0


Реализация алгоритма Флойда:
        1      2      3      4      5
-----------------------------------------
1|      0     63     68     70     78
2|     28      0     39     13     78
3|     17     72      0      2     81
4|     15     78     26      0     93
5|     20     66      3      5      0





Массив для неориентированного графа:
        1      2      3
---------------------------
1|      0     23     43
2|     23      0     65
3|     43     65      0


Реализация алгоритма Флойда:
        1      2      3
---------------------------
1|      0     23     43
2|     23      0     65
3|     43     65      0





Массив для ориентированного графа:
        1      2      3      4      5      6      7
-------------------------------------------------------
1|      0     22     24      2     67     34     65
2|     61      0      -     89      -     71      -
3|     36     35      0      -     24     75     21
4|     68     51     11      0     97     26     59
5|     66     22     91      -      0     37      2
6|     52     82     76     17     64      0     33
7|     75     33      -     39     53     43      0


Реализация алгоритма Флойда:
        1      2      3      4      5      6      7
-------------------------------------------------------
1|      0     22     13      2     37     28     34
2|     61      0     74     63     98     71     95
3|     36     35      0     38     24     61     21
4|     47     46     11      0     35     26     32
5|     66     22     52     41      0     37      2
6|     52     63     28     17     52      0     33
7|     75     33     50     39     53     43      0





Массив для неориентированного графа:
        1      2      3
---------------------------
1|      0      -      2
2|      -      0     34
3|      2     34      0


Реализация алгоритма Флойда:
        1      2      3
---------------------------
1|      0     36      2
2|     36      0     34
3|      2     34      0





Массив для ориентированного графа:
        1      2      3      4      5      6      7      8
--------------------------------------------------------------
1|      0     29      -      -      -     50      4     24
2|     11      0     76      -      -     73     88     38
3|     67      7      0     60     67     22     11      -
4|     37     11     18      0     21     20     49     38
5|     28     32     88      9      0     16      -      5
6|     24     70     77     24     19      0      -      -
7|     19      -     22     81     12     22      0     31
8|     39      4      -     73     25     17      2      0


Реализация алгоритма Флойда:
        1      2      3      4      5      6      7      8
--------------------------------------------------------------
1|      0     25     26     25     16     26      4     21
2|     11      0     37     36     27     37     15     32
3|     18      7      0     32     23     22     11     28
4|     22     11     18      0     21     20     26     26
5|     20      9     27      9      0     16      7      5
6|     24     28     42     24     19      0     26     24
7|     19     21     22     21     12     22      0     17
8|     15      4     24     23     14     17      2      0





